systems biology,addiction medicine,pharmacology and therapeutics,psychiatry and clinical psychology,neurology,public and global health,pediatrics,toxicology,nephrology,health informatics,primary care research,scientific communication and education,plant biology,neuroscience,cardiovascular medicine,gastroenterology,genetic and genomic medicine,orthopedics,immunology,respiratory medicine,radiology and imaging,emergency medicine,evolutionary biology,sports medicine,rheumatology,urology,hematology,geriatric medicine,health economics,health policy,bioinformatics,occupational and environmental health,nursing,hiv aids,genomics,biophysics,nutrition,molecular biology,allergy and immunology,cell biology,biochemistry,health systems and quality improvement,microbiology,pathology,infectious diseases,genetics,month,epidemiology,medical education,Total,intensive care and critical care medicine,oncology
,,,1,,2,,,,3,,,1,1,1,,,,2,1,,,,,,,,,,1,1,1,,,1,2,,,,,,,,,19,,Oct-20,15,,55,2,1
,1,,3,1,16,,,,4,1,,,,,1,,,1,,1,2,,,,,,,1,3,,2,,,,,,,,,,1,2,,33,,Sep-20,26,1,102,2,
1,,1,1,,12,,,,1,,,,,,,1,1,3,,,,,1,,,1,,1,,3,1,,,,1,,,,,2,1,5,,25,,Aug-20,20,1,86,3,
,,,3,1,7,1,,,,,,,,,1,1,,3,1,1,,,,1,,,,,1,2,1,,,1,1,,1,,,2,,1,1,13,1,Jul-20,16,,62,1,
,1,,5,,11,,1,,3,,,,,1,,1,,3,3,,,1,,,,,,,5,4,2,1,,,1,1,1,1,,2,1,14,1,31,1,Jun-20,25,1,126,3,1
1,,2,2,1,17,1,,,5,,,,,3,,,,2,2,3,1,,,,,,1,1,4,8,,,1,2,,,2,,1,,7,7,,33,,May-20,26,,136,1,2
,,2,1,,5,,,1,3,,1,,,1,,2,,1,,4,1,1,,,,,,,1,,1,,,1,,,,,,,2,2,1,17,1,Apr-20,31,,81,1,
,,,,,3,,,,1,,,,,,,,,,,,,,,,,,,1,,,1,,,,,,,,,,,1,,2,,Mar-20,5,,14,,
,,,,,2,,,,,,,,,,,,,,,,,,,,1,,,,,,,,,,,,,,,,,,,3,,Feb-20,5,,11,,
